-53.91079741192411
-73.63344540773275
31.406974225975574
-61.26073006717847
-116.43238300232849
-81.2204227653302
-77.09464147476808
-77.00446536931338
-164.3250446123153
-89.91959292811097
-55.272110278406636
16.973843838288843
11.17772610344187
10.984509193812997
-160.13389415299307
10.363105271869514
-29.01961326026391
-55.61226424544999
-4.354283057468791
-8.791839971984217
32.36947124836436
31.880740793363117
-0.8881553904288353
-64.6311566859967
-6.740023710338349
-96.67063095798613
-55.319830490349716
-48.21155055279907
-141.21331760849785
6.502056473249922
18.565148554496744
10.790059587536788
52.569973512706824
52.19871356912297
-67.73107737281853
-7.66423839162745
-10.630466483389526
6.664030842624669
-66.38705303419637
72.22910744045564
14.134297062716229
9.320824085239835
23.15164924235856
-55.629159282506265
25.59533803739278
45.691665997854756
74.32001797736902
-58.46011656205641
-47.10836935240091
-72.71919169220946
7.963647643443323
28.540499039812325
-63.99452555152675
-16.392311583691026
49.02660551013838
-55.49897983009136
-55.07386500033847
-14.447592165880565
72.8136825882702
60.910199188317236
-65.75063713694249
48.30141879347558
19.595215373784413
15.826656630567953
48.11307285421398
33.632511643235304
36.160146733379634
-19.297095814586086
-30.29720474418106
-63.67306567144364
-60.73928699634605
-43.859281990540055
69.96407873143124
9.598525902676016
-23.758931905511332
53.26007147571693
-0.9619507927633464
-1.145950507574753
-112.88755066280744
17.057704950349873
65.91711098401382
69.47373197640019
72.90955158632426
-43.572588387110684
16.525965173401495
44.33982454180902
45.98995937185377
-7.301415708961116
36.448683195613796
70.37731429630169
-59.207146788950894
65.78601041868026
-22.764206283261345
33.61635958111205
-129.64644474911387
14.252094740674224
-10.490623648211084
4.479708643423805
33.97336560746757
29.915044261353003
68.49666550111303
17.824434268947115
14.856383291429808
14.247291751627017
13.858962555995745
-48.672052745400066
34.23790299999746
46.2740723460157
-111.71569412034536
66.67246761223308
32.940497570970635
46.23732363552054
28.82285417425726
52.14244641922278
29.54209739611511
-150.2376039643214
-22.644959741100422
-55.119098037948355
51.626266147668204
72.38295269276097
41.93194624987896
32.99687298553248
-37.74435765356792
40.39152746159772
31.324177504909315
41.21695271223115
-110.96461080559187
-70.73798576069107
67.5581134915332
72.96714539126361
-110.56935896115576
24.175277580336186
78.75597272140752
26.70440426370041
-62.52292600482782
-43.53994154672674
36.34517591614475
36.30737913431754
65.68910495447284
-0.7021507732775376
12.169980828095504
-10.606576070730512
39.25755464184847
73.95917668487871
-65.35368767018907
-67.98288597495392
47.87732956245824
33.1440194001283
32.6668833605722
-109.5595636307297
31.74472023986253
35.37042190689044
69.96156137007299
11.918387464767875
17.083898343540852
16.22671302950495
3.5464678500592157
30.730920352180647
65.43716273668099
-87.04488647279913
-71.37717096745968
62.097675374462014
36.550818959683966
12.686723899742944
35.18707332269854
-111.45021345341732
53.76637699777952
9.579988878002908
23.38634128941247
18.98347766738354
-68.56408366073715
32.046860814141624
-44.159079706687095
46.48205032801373
31.680568014564585
48.03456710276112
-112.91827479298871
36.60914848848357
12.171173368572568
10.834993493275391
-115.46146538891774
42.96990867066246
32.3076903317056
-70.03184092647814
-109.06348589383501
46.67130361418204
41.088302040801565
36.56607108859775
-43.512790592991266
-227.34485145843792
30.00449560976304
53.786754902598496
45.088504528845576
33.95044651759484
34.87406882876458
33.87402732967482
58.315047124947995
18.469977140703506
29.839308559911572
-52.2151111584448
-32.72861365485542
-134.8710067821031
-81.25967729182123
61.289656425716174
69.5784725705459
3.3321083408652328
-20.955717563208225
42.906905888245234
13.29634652597025
26.348764060806758
43.25616228397354
13.783406564090654
40.38985970924334
68.64037271664137
-3.58558846883588
47.44888292611597
-68.55642538261283
70.25269368543997
24.264835291288307
8.303612275312389
6.209152018131121
33.29225236034172
-58.90709361567045
47.54274933455169
29.50054993317218
68.46824700640417
31.368145806519024
32.25919014287385
9.95245392431822
41.73843378683722
23.134506488649905
32.0213200942013
-69.71575525298466
28.944155392544047
65.8070739759118
-67.48934205908627
38.83642285961896
-55.62014993509938
19.66039727452386
55.421114033801146
31.941435942061204
25.11481268366454
42.28038070156508
23.82740279504759
10.349774327180981
30.651187562397936
33.13226785329506
47.426469208592124
30.98554592473161
33.57627915698285
32.08425759136391
-43.84437262092366
-28.49051581728021
-32.150713243503674
68.854259714352
-43.6393398492962
51.2240265634764
44.741515100151844
42.18435505130728
31.304246042037263
42.25695261784075
-197.6337641273489
-65.63754877688376
37.9029131286663
47.46971905824053
27.533004006145205
45.45345811858256
36.372681070201054
36.46867505597714
36.660347939196285
13.945908092837797
50.19146988571703
12.507293651377552
-109.44957092004456
16.081135881937115
46.885490477989364
20.501862632436385
26.259811004268087
-134.2646012616426
67.33283077790918
42.432875369179456
0.6853510399887455
38.69642148219717
66.66244423059783
-7.1915843875185885
71.09661731969729
74.40075070582762
32.238820507604316
42.03813336951406
53.434583886099986
40.24942077008816
45.18141159657611
4.4073521985804405
43.776818332353656
34.51420631973775
34.690245316138686
66.17365945248528
35.06311042978788
-143.35467414000632
44.64803176117064
0.42945949989599796
44.43039330192326
9.77057221656598
45.112738584031604
-120.62453083638567
41.440109124950865
-114.39138980249797
63.2537658709974
46.195029989265066
33.21926389849908
43.233210530209234
-54.981208000396556
47.33825109965458
49.89165919777467
26.60707987881011
20.455821019267006
-1.5003307485618507
11.363181224930344
39.14634177977943
-100.59350408819478
69.49899504710459
68.84089816018692
40.97951764917745
57.129670489640446
-21.49070004829079
-188.1371280284879
41.79433614336769
-113.14343181094574
51.222277567685495
47.42456546758554
36.368155665889766
55.387036095040116
-54.87421743030668
29.31686446113072
23.374225728671135
37.81303472570638
21.321240368833827
-65.50025564715641
45.97397414687279
-103.21781095782553
30.014281500181255
-101.64816933340482
17.253327317086118
39.116390000687744
32.92031865180536
37.959309222363075
32.78715047401121
23.646013840158474
31.040992712766098
27.07778661803377
40.177807110855184
74.47040915587925
-65.49841641103922
33.75720641557788
32.70620030866132
58.92067647523881
32.30710111446213
67.81555296264894
27.11217750422604
27.423662942873435
29.903916594838293
32.00498821945723
-133.71624104686356
-43.6442579771314
67.42722424270214
47.25349238690663
38.502121022210915
23.066258405632595
44.33307407061159
26.086709627405767
15.081846705250925
39.3747754154449
27.55771881881931
5.181829932541106
-92.14702477759977
38.88111518594222
35.39108006443858
27.281346633486237
33.43068971419409
-43.745979417640775
17.754132503183257
72.37469766737387
35.455881286448275
29.386355188931418
32.4519913585582
15.564053387971768
48.53517784933648
45.44555886260673
-39.768325960799615
41.84418594219828
37.804280002740896
30.636325703279
-78.96934495206256
-121.79768088278442
60.667302609376804
-68.3495696866852
-55.02682953802013
34.49818490394081
46.106965488178446
-103.6016142365904
36.29883183521356
27.806887127589277
-56.08246186676268
-66.91237901332411
32.32595662764798
32.53567893005378
33.507333328163384
29.35088022871679
27.046210033873308
35.95981238266398
39.16296116785907
-34.16209211939497
20.69080587229506
59.95569345969204
-43.52278566326611
41.86469596384892
38.65986628364459
69.60428730567591
32.78949475340312
29.363907940546184
-102.53023327464176
42.31590170719073
37.10390413522077
35.070002067699605
23.03720424340152
-104.83211322503838
34.889624532182694
48.113470971183084
47.898268405343124
-48.771442499926735
47.065662109335854
-55.4486043547285
39.205055157031495
72.69598940981084
-55.0523172771308
-29.831965051937956
64.52634219894671
27.82456716883931
36.24309904167916
-58.53402794423448
69.21558365731092
84.84321621376787
41.61903344319391
33.51841612131757
26.073764849571234
32.01658185775858
44.318789707981395
38.998192400301846
39.7343020163496
33.17146159820473
36.11125994752223
35.493434423803805
-15.7746580308267
-30.02141225185798
44.75120235095771
44.5774741082961
-56.15252698510142
48.967742563860185
28.548811523662877
46.751085441253494
17.275107614481314
43.70763959040188
41.32359236645068
43.71493935851451
58.43118398290112
34.12604276293814
56.34552251915808
36.423494027781544
37.71458220603773
-113.42015641258556
33.462776549587105
12.176765493579609
45.27373490372471
-111.35792392710317
63.93164156516245
34.28192628577851
-55.77343927906418
34.80024644328338
34.70317415142071
57.48584925679475
8.904334083522741
-108.92099862905968
63.0533275542801
73.65793018196965
56.43357580791364
-74.1474983524177
67.8772157648147
12.13657565531392
17.70584515669907
39.834055795253974
38.26967002183949
31.873268010384635
-68.53840781019579
41.19731415246477
70.74350666815094
45.017475157815525
47.298347516667384
46.76906579242232
-58.484869664586455
-59.706591549827124
-53.94132617751717
-150.38645212987086
28.450530310742934
-12.386736356123322
-55.05108622682891
-55.75890503411489
-55.19965241535788
-58.484869664586455
-199.70659154982712
-53.94132617751717
-150.38645212987086
-111.54946968925707
-143.09339019424675
-151.9646233181511
-56.320940029873725
-273.6508240069779
-134.48462854284307
-149.27133960741594
-35.75394125896321
-43.47374427747948
3.4744275753198224
-43.672099848564535
46.19537093113648
-93.35892607365881
19.687836337965734
-100.06425984460888
-10.321833760027076
-90.24922242505922
-64.90973970267746
-2.6764865476022948
-80.57666424904619
-91.21909150610342
1.8349473676730383
-45.492410957137636
-45.4082659632769
36.59659060085002
-45.45753357306479
-43.45505734267031
-3.4677868878152367
0.17842290648350456
1.4490481036678204
-8.214591058324572
-69.00288339609108
31.847500587875714
-26.13050387966561
16.86802169516892
-64.85303862860515
32.221077033119144
-70.72020653258272
-33.24477277132799
-6.907583621895512
48.51634509411393
-50.18613283005985
39.22575976694023
5.566453413674637
0.6221045382668962
32.81361472267032
45.959225522124385
27.81535489266291
-75.66728530694677
38.451623131447306
37.53941955543934
-6.502100508890635
-100.77461266830666
-66.40097050575059
-65.171282663222
-64.74855715911981
58.72533865055992
29.701864107062534
-12.427122431286037
8.515677827518047
17.95454783194492
16.83716381953991
38.652253105494765
31.933220709048328
32.378689155237225
3.755594315403229
-36.871338176871944
-50.932986350192024
8.490267774895202
-114.74465001938124
7.916644820019826
30.395917606081824
20.641973979447897
53.61273559075491
47.58641572939276
-109.64551627540638
-59.49362377072099
42.03264313894444
0.2465148699970996
10.274927864459102
42.39120945571932
48.030434149595045
28.88631170292072
-75.60501133806986
40.55332298720428
42.64335104480965
-21.206445040589827
32.74377592844394
54.40163949998818
-46.08086743964263
33.728356918949544
22.66549171401023
58.5081789429471
-70.99329676677851
32.24526599099329
30.273334252456124
44.160511157388115
-8.13430864979523
-65.80139013270781
31.207487123244206
35.06800748905401
46.8331701456288
35.93693252057565
22.07908226216155
41.50380642651213
22.323179867696084
36.51409720495567
36.469912890115026
57.46743038165515
8.888601464700727
-69.33834259515045
29.947249472601797
56.66998505540589
39.762825574506266
-46.85171380423384
-64.2811084113255
50.54622017785907
-116.76427224045815
39.16435145600873
23.818848149643514
55.91322085946648
-27.25256427532473
55.13370725974187
18.80062892044222
-32.76921970344834
32.07177919698566
52.73866643322617
-87.34479000402878
36.5245481743182
-43.77257015623017
-23.223559408256193
25.9585074833862
37.63569247233798
46.731661461912005
49.25272430921483
-40.731339224483136
7.1730027060071535
-63.946751735331475
32.10076664203399
43.40733537179713
73.5995140811507
-43.611906259545606
-45.46742904265328
-44.02808135281171
-43.68617511055688
52.65967192813963
59.26650336668688
25.168315303617888
-110.4594377673594
47.546543078421806
-53.9204203499025
21.066052083363175
30.296340525716545
33.90750545406351
45.029533670851905
56.971247554903044
-88.98037380127802
20.579640650413538
22.21900298548333
32.67211329238407
-18.85183321889619
62.6844315792344
-48.872300392070855
-43.65982594705167
-17.797956042651606
57.598984593596256
-58.08736334647921
22.66162163582092
52.603392733973436
-45.00277060947519
-43.5813939050527
-71.36260066470976
30.347252463800004
59.40914625378244
-126.25508808154382
-22.46253517469532
60.88139913543718
42.7630739679571
55.78669464540785
46.18324702354056
27.063140751740036
22.952391306311853
59.98164122143464
-113.55355251182185
36.55499456347388
-5.154257126710235
-43.44172767149285
40.404935037644606
41.0031614004767
72.82382306008415
-6.720140461429679
-7.6816567362052695
4.185453870325617
44.43617473254885
33.85507886246647
21.1379890730681
-33.729545440206806
-35.33229875550809
59.65295713254926
58.81422865347598
2.4967178207785565
-43.65918918607628
54.799134785272344
61.36561545612294
45.58876808104361
35.17708947454366
-76.92407626733635
58.02465724949579
30.042861242846342
33.381105509131004
-75.10931494917763
54.147017296212795
6.538556811631452
15.371269883558782
19.286373918164287
57.07854623203485
51.50251056712271
34.60509485172315
59.19207271435586
45.08635874461946
24.081918414885223
57.077669257224
27.969275808381624
27.35043520449605
-141.37058490807155
57.29337232033653
25.253182960285343
35.68785079233153
26.349830803739962
46.455841245600624
22.199310101492287
51.84303984436944
22.70449012722095
34.03716020574393
55.23891724629149
30.954619495741866
40.581177016933566
31.23699977683937
58.88876259701726
49.975332336022475
-44.05201125938317
53.9160492125237
45.42702984094112
34.37469530057159
41.16670721907596
-34.82503290708941
-9.128838410348152
-15.215002176254913
61.19466251446768
56.12306812525925
-76.12294273026097
34.105778757203694
-69.8336218843809
57.444768319401234
48.850060411649594
9.00404928854472
24.63501902487411
53.958847233927756
-117.61657044900042
-49.432392838030836
-44.40407734975847
20.619489162358676
62.03051299743936
32.28491988673849
48.17490053338909
30.716284479033135
71.88818986922016
39.39406586602999
-69.05095488364069
35.06027673882912
34.51209080847481
56.01698176230941
55.43925563863782
40.35906149501534
43.66674617096868
57.31068242845434
30.562307490841192
-71.81867216454174
33.94908727156191
34.717183957781884
46.089871348807065
60.8332429220125
39.24992154840737
61.29176205060416
-58.69599795728854
29.192264121935622
45.682206760251574
32.3736768422265
36.75966236339238
-43.51127858000975
-122.63458532941597
34.98622710177591
36.105924884587736
12.442137096104858
18.294800307592823
-161.28490258665812
-111.30062582809977
51.1326649162683
32.402863730240995
-69.62407269734828
52.42831287479548
-113.64627391021102
40.582614145973
36.30206322333955
44.64092007779753
23.15024782619264
30.13866969557776
58.541489494127546
22.47235627000461
31.43414231151756
43.614938112917
31.001179630811166
-109.15970188694052
37.45847828503781
-70.14836807349016
32.50529220927504
46.84538485335254
-67.92916546567061
31.83402749735609
-65.79519126353236
35.46581586908427
30.955797357934884
45.347701527426494
42.76875840526996
62.26167167503142
-103.64221792665863
60.200130754819796
62.26570451493716
-43.48619536288014
58.543738788846014
31.702919344500785
54.28314729506451
44.09358312504283
48.16138024448355
31.25019292863753
47.23683914051527
56.280679879195446
-54.71452788254244
40.41586233455341
45.47949257697196
43.81728007695732
36.46863539894978
-43.450915040170266
57.43631684207651
-69.66054536474896
50.36975870691353
29.206460127968654
45.422844147362014
-73.49020852258055
45.16007592302779
-72.63887701967349
30.61183973923606
26.38407651142127
-114.90545351066415
28.472389354887397
-14.804110501532833
30.144374819937383
46.54441676820983
39.2222172858565
-111.99484364272531
54.685418272905494
35.092053954031954
-43.452965449065125
27.19087374406965
55.43160144074689
36.570413807976
36.47226431742898
9.945798423203541
54.256861384237666
-111.27272695404129
35.63888082159191
-69.12447769697995
26.99290223186496
40.18587336139811
32.82973459484603
30.46273825348122
34.356783913101
44.17696113477365
-72.14067666937522
3.6368443216982627
33.010977836376085
43.430011487703226
58.389813889067256
-114.99333009595956
60.74126192868671
39.879430129595605
40.91612681006052
26.32192908077414
46.5315316982815
39.13950821959173
52.15916696177507
35.04001906823372
27.348006007086482
-164.65378768902954
-70.45640254386785
33.824149225666986
39.11413530762172
53.18217670604703
52.12001134364952
41.17973209984247
45.30968748990712
49.99301069989997
-76.59634765338018
-45.53187512765549
31.430270624949543
27.711060369413133
40.647259347601874
-71.58448948610179
74.20949244616801
30.910580825655188
33.56233302895896
17.66359078630414
52.756409178886784
53.456353557318664
29.716431233440062
-56.1227749550684
55.937884699063986
52.087374228917625
42.0202816755977
34.46206270144262
-35.71490862424439
-125.77553764029136
31.138177297958663
-111.58001889351998
42.848787224348634
36.43924987332694
36.5792389442068
46.47580476858576
53.2325941427483
47.19810750984503
63.9756522219391
35.0670446560038
61.75728142775131
44.69671027054757
39.057319700252094
46.84752962217317
36.23801798184799
-69.87461002983292
-79.36779507635447
41.88501275627455
48.46945337101312
36.33579315150143
40.14930366253705
61.60362252144721
62.01351003926435
-113.1755890748515
28.601125709540668
-70.24484834372079
44.07328883461972
-70.36731525050634
31.823665819842162
36.30063720636347
45.39684449171065
49.28179026387704
30.015089793437426
32.66894611322161
31.373444800840304
35.32370480028037
50.020364685860315
28.207829829276378
-29.35600286179576
49.47531003221336
-43.40450190630862
55.58352636023315
47.79172592069025
54.90001333887997
36.414611520625265
-11.689289031330077
-43.633327100601356
42.52387661253718
53.9665656148037
-111.40202902980822
19.889823770893685
-54.77692556371362
-55.63019892856175
36.41591367656226
-70.3319876574537
-51.07677530610408
-4.414725925033139
56.399028034898606
47.41512389507102
-93.6591057959696
-43.79052630131659
44.15441687997068
59.45395389403133
35.679917771458676
22.98761915535229
-47.14071427178531
46.31008591193586
30.03975851930612
29.49462190313338
54.69750519084168
-110.38030143453588
51.89993240053387
43.222410258691525
-77.59181990347363
-58.484869664586455
-79.70659154982712
-53.94132617751717
-150.38645212987086
8.450530310742934
-12.386736356123322
-65.32451887321254
-114.30042079992066
-127.528854026409
-7.677633149542089
-67.31643822256997
-64.48176387359345
-11.52715673643688
-45.55579115885152
-15.166473804272485
-12.48739459720673
-133.9520871914746
-101.44508787300757
36.009262604957044
-81.09685774199933
-55.93062935576406
-55.46605268315753
16.049066293200013
-20.65143631114171
-126.18084505916191
-96.20947325980492
-21.33345393171797
-57.65780668731384
-29.118128912259508
0.16023560219176147
-14.799982099855185
-14.466029220104915
2.4353153711046645
-55.45651940576038
22.502517878104968
-16.483138184345663
-54.006601028806955
-58.00064286140537
3.2491536771653244
3.4443610906782
37.50195660344579
-56.73079399167607
31.57559155555009
38.37975926160129
-66.92591123581312
47.6734382100023
-54.66414972368633
-14.848021007112095
-87.80731021137514
4.373380567533275
1.8062719057817276
48.49051107985259
-54.86848477088283
32.15436045794371
-113.94332507315276
-55.95920860931757
-56.318917689050416
11.080080103912522
58.96523225620538
-55.21295454392552
-55.273630793570206
-0.15479578045759013
24.40285852663503
-73.17907417245064
-43.52064561977605
6.964292824318775
-78.92684931849624
-56.30072754426908
-55.46224359121956
44.66651837227121
31.92815918159023
28.581308729601936
-0.5357379837080032
5.511938905357951
56.90324431839228
54.86983811292443
46.55412296811109
-55.50555493836181
5.437364594281959
8.297064844877681
3.6602121586333
37.40709914186061
-56.938364790857975
-112.77850131059324
28.99996692770121
23.90718544408972
62.59346212606327
24.490464458468942
-71.70619860687354
63.68941261183252
-115.45817898782556
52.55912783348395
26.033814644123765
-118.15107326523197
1.0793783310109717
32.07624477977525
37.41294473583277
-54.05485937092017
45.171415665883494
56.2946739979183
36.59840407007718
0.4071415657985966
37.20760615185074
39.20512008896323
28.501302359132396
-58.484869664586455
-39.706591549827124
-54.83449301724178
-45.579269336153395
-96.71070417855248
-175.72233063958413
30.241700534891592
-43.965886086742
-45.61826358779893
-45.560101304580684
-18.543114080921498
-45.48228121426109
-43.795905443233536
-169.70887438865185
-88.912531038669
-46.866281716268006
9.181396413144697
-96.60202940975836
-95.13602011415198
26.27524841584642
-37.376850200099966
35.68263616293498
-59.10105479767189
-140.22992203244138
-139.35025940210014
-45.43486636306584
-64.52842843257281
-3.500527574026904
4.395193350585927
-83.28873710686102
-140.95056599682553
-55.452442178267525
-114.54793629614784
-36.73972501165761
-5.494245488556899
-267.15521378535936
-158.87299237920683
-45.49294377864571
-64.23590810839138
-39.085987585533275
-106.0130052625523
-83.04877106059931
-64.43951771802668
-66.22253805152016
-57.77194741135426
73.32019715219313
13.82416290240704
-15.738936050675633
-144.41127498222266
-146.4510611759431
-77.14603267856941
13.163315640167127
10.11544067729912
-64.51351689935657
-66.4158959932814
8.416749581955358
-70.38846182735259
-29.207252417017003
14.5999524942643
40.2268039847696
-43.59188913481313
-43.44050684527891
3.184411678200121
-178.27293268388257
-68.95640438579281
58.040952356790356
-134.34453279261902
6.359894849982311
9.228710339425419
43.6401163516138
32.33682833008315
32.60838209887075
-89.4243889662402
48.69210143687103
-29.274617384776533
-81.51391631480107
-73.69728769810892
50.21989796803666
38.38998025052548
22.57002703369882
55.23585209888323
60.58175186724884
35.743566998824065
-9.832330428732362
48.838208252551766
31.725283398743343
-58.484869664586455
-58.484869664586455
-199.70659154982712
-53.94132617751717
-150.38645212987086
-1.721632988063405
-22.49192928458146
-164.86801851663185
-188.16455874731037
-162.13099471271752
-87.80415856999966
-64.01825485006381
-45.42024908190204
-71.60420617097778
-139.83550178698533
-82.50427680599938
-55.6338443860487
-90.93863241540893
-119.57218160730554
14.282993383188867
-79.75313776242857
-71.31643763823638
-52.28881797017745
13.35724632110022
34.6505213112716
-7.155754358461422
-9.140104501005993
-47.25268305125432
-45.51680545579989
12.338616337195248
8.883142326019666
19.017652570495017
-182.8723535647102
-40.03565630015433
45.87046360668741
-18.506344604945113
-10.076856246655908
-140.41617742200827
-18.309602198675364
-50.8077440890617
25.79884124873091
-4.936594511687957
-59.03566084640221
52.95201592768488
-69.1370702812812
-72.19985005477365
-64.61093678426886
72.77782110677315
0.270877911718884
-99.02288495465882
-69.70467649639481
-131.7555409602635
-8.485743183075115
-16.181715305690105
34.347350543994764
-141.39293921096532
31.181832497093424
-48.71258931758355
-73.46455612684197
-8.923097726715824
-13.790730736505864
-61.13311920128979
32.8765946174164
-42.93659948979737
13.603596277413715
25.975601087922
-55.48638765578184
-64.46002981615706
74.97766331024566
35.139522939132604
-42.44508745955605
39.23458773699265
37.53466037233005
-23.58311340062634
-153.87378321778073
-148.93843636975026
73.0305578248435
11.887633359692828
14.721528764733648
-58.484869664586455
-179.70659154982712
-53.91079741192411
-73.63344540773275
18.66552691775064
-61.26073006717847
-116.43238300232849
-81.2204227653302
-77.09464147476808
-77.00446536931338
-164.3250446123153
-102.20524906069825
-18.15530897007116
-79.46890205234328
-55.604231343164955
-56.15257239128076
-40.851278672255205
39.96136027892642
36.526701982228886
-45.56676414117838
-45.605557932112944
-198.50399356873007
-43.272620422568465
-43.44861654751928
-11.472233097333529
-62.06052771510576
-65.76862121493602
-65.13882196651379
8.05605652486338
3.297965816156804
-120.88143677215864
-174.75708659522883
22.073574509132385
15.391040860548742
-8.60989018387103
33.37015808381412
-3.771156954006443
31.761589320539798
31.58417192530804
73.24968018504183
32.78588237226357
-18.079574499714553
-177.3948759367132
-47.178286900569816
27.070990554361288
74.0667786408252
2.92700522179868
-65.3910226238955
-46.75926263222594
-9.192952550703168
22.331226119718337
72.50902597209205
74.2235253666201
32.2907915233321
44.212947340926945
30.44651053062117
-9.910224398343416
-5.489000868576397
-7.834875473978144
47.49799569460059
74.01584269567866
30.20773412727867
-11.172926815708749
8.228621485341876
75.09200615706686
9.58020956902837
-7.063496810391115
43.22018001212396
73.99667144280602
-6.099412554594437
11.016910453445234
20.470119875491747
-66.04015962705171
43.86783841074161
-65.48971431095279
41.46694527302738
64.29547584376006
-93.455231014605
-3.8226208726721325
-64.35426829431131
46.29172633810413
30.703398143611764
-67.56970817315595
32.391598684980465
12.254811090042892
42.181194194633335
-172.5711526750089
13.516554779450942
-36.45193366535895
-75.27568139718734
-3.981842627538569
-8.571775991180829
54.65438406086028
-65.28553825441367
20.285891337508332
46.80429750286634
23.150487386128333
11.856470216282531
34.88005666050286
-101.99166714612645
23.627741049773718
-64.69499135689647
33.0877816423594
73.15156005718472
32.087897772869695
53.77326759619412
32.709498460124166
-58.484869664586455
-79.70659154982712
-53.94132617751717
-150.38645212987086
18.278367011936595
-22.49192928458146
-55.05108622682891
-55.75890503411489
-55.19965241535788
-151.26234338453833
-70.46031722988913
45.042959662587634
-78.66019069922544
53.48080890407722
8.862637311539942
-238.75267579929118
-79.68679490713825
-55.134224411118595
-90.64186251124295
-92.73194942660247
-22.75458384878364
-45.66358735918101
-43.71278705221651
59.171800586875236
36.338147205346004
-43.82026311618325
-45.51042670396928
-45.478864914078756
-42.14848825466465
-45.486938203816266
-43.642462335472274
-43.57135037265949
-45.471275988986704
22.673127666991064
41.406984279792
-111.45489473289244
-16.602736371058725
-65.16811353945985
12.594507681498726
-65.87103775338547
-4.640705925415247
2.735483802824888
28.79132914130365
-76.46689353156444
-24.26862303406655
-131.06511334906804
-65.02677649733741
30.264019815341314
33.01863294970512
-64.92404350744127
-66.35815653771903
33.84191634326359
45.9365571222515
25.047874403820245
41.97547274080496
44.53981383130841
0.9422299755159713
-1.3661298129609492
7.997300979702956
-9.524629545894015
54.412902677216394
-30.24604135348433
-92.14950210093983
-6.810601410707918
32.165330150230446
30.024770090450232
46.12885777233258
4.6404960044722685
-111.97902888252776
22.877099968548038
38.49899521141285
53.52477378890289
11.604738081263633
19.254673014490663
-113.37239419078229
44.58720819747897
36.7120766133654
49.499969672879786
53.938618196361375
57.53779406369901
-49.428209983995174
20.067624091852778
28.805023306375645
35.961478194100394
-70.8470061400988
32.426185888929325
33.89368227966101
57.654327172453534
40.07918621930138
-44.43691817745688
42.55910151048505
31.291278855867418
30.66744712389628
-67.73562470089986
-70.87075869655297
8.330423938590883
43.148095816747755
57.941341783647346
34.4588020955578
-43.64161274909001
-60.462381844051095
-41.02866754760774
50.609774874674535
36.51002556759328
21.983646071610906
-4.476899646367826
-33.10420624147838
-43.54147124191292
37.66032204525929
-70.79010565310797
-30.835215941582987
26.19117022232345
74.94870887606753
40.921641751776335
-112.81224939816028
55.255949403286124
60.05440719238115
59.31153138994003
11.422237898292806
12.073079333562205
41.46229503353274
-15.632148188829404
27.962966082092905
30.81509793582441
30.114913729887448
-50.50976920948669
-112.10604324482144
39.81017320342043
42.53464167884054
39.541845459415626
40.349654387373164
58.7581376193756
-43.538767403155774
42.216638505202496
41.67500712616106
35.68972899744345
-21.516885018100893
55.97781827936953
31.370692841669737
60.230671451384524
39.34306629739348
56.19167351007884
32.555850784613355
29.688781596330514
-141.50394334785358
-72.14383496624359
-68.17625883181128
32.06344061340059
30.700751013486766
-72.75161002627647
14.645190767438862
30.862987074815166
-128.49096502295976
31.39940944172035
42.674183620890204
57.21928945752633
52.55668920359717
44.13808843568776
39.81525171505709
-43.3584225350582
-35.0548752363394
39.936081445102985
53.37787468139729
-3.292314581126959
-55.26297796519506
41.262086116754816
-23.87151187104746
33.743792324255054
28.40769231154512
30.17257329921722
33.662971073108835
51.264148481213724
-61.185806497072235
30.673540798906103
-51.892894856272434
52.56703063840351
41.761286430570564
41.19860460486166
35.935398552132625
-12.260821490582117
53.52938581408034
-54.5308536119334
35.24665401160989
-86.33350869389153
-65.06499923842055
55.01840326931142
39.00756982546595
-52.42998707713039
33.87698263613227
-77.27039731811047
-56.6928938756488
-0.030440244361926716
-116.73654226158628
32.397571509221024
-45.32248847312076
27.287828663652306
29.030451576108163
-49.232861912606865
36.543480415966556
-45.564921028007824
36.622313442327446
60.374405984355136
-70.90705289457927
56.169638789788436
36.71657260083586
-43.486251410672935
-103.52289782090469
51.98657856381182
33.8406160652971
57.22476474258508
38.03506953054898
56.49314180362906
21.545945179397023
28.756695006845263
57.65336310145955
32.54981638792228
22.952967676070415
30.60691905496529
10.540320133431152
30.539090989470466
54.681888192801395
-85.45763979625718
33.25302053473969
12.761434040442253
-47.54205164073039
-102.3288411584408
47.497102506421356
51.0536131836524
29.186689166906575
36.95005929279745
51.76325521176379
42.11576854666937
-19.05579671559711
56.72834772308272
-63.50164745002279
-54.715358851051676
-44.28714583179489
-43.62597602591215
20.321842647567763
50.40260194252441
48.37281838939687
-43.514975519178606
60.98171665496501
57.529604082272414
45.386707554880516
41.06011083733394
57.561124090226656
36.393632724252925
47.138638286255514
45.97809753596917
40.27222864999666
15.116269129088252
30.078879349544877
11.396362781894538
32.679592081482056
-23.248419220916062
37.700581899398514
37.84771338372371
0.39798364603285563
26.347962636574906
-54.66642912755923
48.20625135871188
-29.497427939948054
40.43158653100605
55.095464527857175
45.18664450960172
59.02992626240042
31.519537512725293
61.318631849997516
58.64284783428144
49.7490657171313
-89.42481791919663
-145.34476829067245
46.78545370379558
51.62858471580988
-79.90651135470365
38.63360359282592
-195.37424701991603
33.16664814182191
46.219676921689825
35.97377204586694
30.679613100598132
-78.37085524751436
35.262419560300714
53.79660430962552
44.74183461581336
24.70856498411507
60.184065916613946
41.769803690258755
32.033669926141215
38.97539026068398
54.167194910805705
18.086603812047485
42.07671728258305
-43.49807354458202
33.693302058102574
-69.71917684800482
-44.12369800706975
-109.18092630069738
-43.40901619293665
-116.65742816458862
44.382776888271245
38.78124244884998
40.34362908229993
25.386832590501925
53.80637384298153
40.269845461679566
58.91769264227098
-151.6525945647675
56.724059389681116
32.38131221750919
-69.7168675242351
31.471596594074214
43.37215621049643
29.150798196514373
54.259893105172836
18.77883027895456
52.67836907744203
61.32460506212064
27.314762071925784
39.28582161078546
56.6573094426129
-90.84743763304218
36.407848941767675
-51.559193275460146
29.216448369827376
-22.25338507475314
39.614952796264106
55.827766695602165
33.64434828981102
31.511555343187865
33.142245756007384
30.909991525533272
38.3047033951583
36.43494087488091
-43.471608389865544
31.950531108722885
7.111894521447539
-59.429397696873856
44.77058150891182
55.549178590493455
-114.92525048304347
54.03846560869202
27.1840446062683
25.23366258019837
45.479710850215014
16.3092448724084
54.199863355282375
46.090637850571966
34.37802786156368
43.18295029252408
29.50697418319902
32.91996511407973
39.233227256795814
30.44681041302887
44.75563836819923
46.253877322730204
-59.11342231399786
36.648453489293125
40.60478034296608
-26.309521985356554
45.48373885772352
46.32984365338516
40.48368705519388
26.109838199265226
44.14200415054835
-54.70678782370199
52.00603360943373
21.901623645462053
55.92496784749619
41.058850343700186
4.387072642618463
25.42587268872495
32.128921815230555
57.300840370930686
-136.03806597608622
-110.47578328924763
38.537251190958926
47.80107646593896
-113.07646745454025
36.67956053612441
53.04654974548511
71.83073185540351
38.368918982083045
53.700682309893665
-124.80776762879998
55.39179661877644
56.645267996683714
58.562866283256014
45.01442878009059
56.77035945639169
36.55591842082262
-53.53499741819644
28.176087998377653
54.076371710955286
33.11197118211494
46.74687454567004
41.85478748934915
32.36782186157407
85.9955096351477
13.835748728007161
60.981511662907465
48.75156008570899
49.89814166330689
48.59725285851183
51.04813035119315
36.602617284521784
32.54139114330961
29.384338164124458
32.178384852024834
63.20733870487619
57.295995932816425
55.089375421745345
48.04776149704918
16.616212064758223
46.43239266318675
58.572640651582205
-71.90490515316418
55.177638222769616
30.792958394773592
33.06245822396234
-69.3829900455749
55.68833684536857
33.18796477221069
31.488431665386457
-73.46207407023206
30.663314263907566
42.1333082728749
31.549220544025133
45.166331359960964
-66.13548497959675
36.46953646818466
29.604524711542837
42.84537743674653
38.86115783356129
32.64846576631665
42.92435663708521
60.22313994919048
22.517926450206133
4.833002015946988
11.36502480226838
39.560771868812026
49.93759980177772
31.659256570580794
43.11256546533326
59.1512565852411
59.8818895186527
38.27313961049863
-26.830253523499778
32.95731536929543
57.34509977514091
54.544651065135525
51.04663351598428
-101.95883770187591
42.73803438138637
55.6644643694556
42.88586043326724
-51.22244619077132
55.5673417541047
53.02610077662767
-111.44363276450568
32.323795313577946
44.397362088516175
19.642346925744107
-70.86093008370736
34.79449860481509
36.24667253263279
55.87842490487675
30.537908020105988
56.27345995438051
60.298655314634644
-20.780194803510085
-54.265205744662616
33.2229597845151
29.348162821184445
26.501424113689126
31.94136347878957
24.714903859323698
57.09450704058342
39.122508941038575
12.074909031024475
61.37556313946884
-43.5924465305068
51.16895387123867
-102.49448133168013
-122.06889199901269
-133.26347289432016
37.810698121251605
52.90314794739838
40.46341896690464
38.742295039003636
26.906925426725863
43.70111104092594
52.21057956781691
28.73225566238402
30.47733613511309
55.334969682195094
36.417838028884546
54.91908783739885
45.12007260032951
-58.484869664586455
-199.70659154982712
-53.94132617751717
-150.38645212987086
-101.7216329880634
-143.09339019424675
-51.9646233181511
-56.320940029873725
-253.65082400697793
-172.68465995757433
-81.05771727095816
-59.921537760588066
-146.19338705430005
-55.64943949196578
-37.79147691735848
-54.152089302268195
-21.492478707066738
-11.556579079197519
2.852558611454441
-37.245011244331394
-136.65076192411877
-20.157684362032384
-73.43951311618977
-44.34345122605466
-13.280104153919012
-3.1787290104549015
-3.443214707716834
-86.12871427327215
-8.82578010915131
-63.6602154758625
-43.98102544747697
-87.59339711118156
45.719956093449866
30.1773230473744
-64.47686975489131
-43.63559682726916
74.69741170349178
-37.35351339686187
36.57306515567882
-18.57092766329312
-1.3271674751797633
-39.83007909117782
52.92475582776713
-58.50719244826972
31.53518958606945
18.089081747015584
-0.48245922251942375
83.1272650956931
-52.445998103255064
35.46206850196482
-6.2131925448394725
74.33749184575989
30.092081162371898
-65.99376469393133
75.44355945106518
74.14205794714545
36.575624602397454
-101.18324485944868
29.04184214015673
-73.3837063510401
28.043711522622104
33.85799458046837
37.41481789781588
-88.86724616940539
-97.49296262256959
59.84716486086624
-63.386282551058464
-10.317154462959252
7.437036778224595
-8.997334737793437
-111.73291190317262
75.56650379142792
43.85916382312354
-43.41370251774632
-55.819488875979175
-23.463785439821812
39.30031439111543
29.140298726633546
33.90251752388539
31.97696264266459
-54.960861048748235
-51.78986439217665
57.370495190931976
36.4305836927022
45.771036843355205
43.76259333336874
31.704379524775334
-31.38880135044468
34.49196359208486
32.05716976415923
32.62264608922396
42.56016275835171
38.33851877906429
-58.484869664586455
-59.706591549827124
-53.94132617751717
-150.38645212987086
18.278367011936595
-22.49192928458146
-55.05108622682891
-55.75890503411489
-55.19965241535788
-131.26234338453833
-60.617554542845106
-77.5414139704134
-35.167856814278466
-42.08036691963463
-20.778334592808804
72.54762966850109
-86.20240894515942
-45.56428810372693
-41.54593809145102
-34.37723778167979
-30.22266425580048
1.0541910884670642
-63.97541626614828
33.58272563997093
40.07594052465669
34.256647714574896
13.614626217189148
-31.912658834411474
-63.45428656128112
-59.92411245788571
28.181567575597654
3.8870499977142146
-16.377288449447548
-28.823886225871348
2.7378302417977665
22.969402452440107
40.20162027820645
36.412674222500804
-52.317287784751585
-7.729449453519209
32.254815048090435
44.71392032626012
30.7465443674306
-64.28105679544646
30.930439344691564
35.8843457693352
30.277792640831365
-27.93425241393527
-68.61610728391662
-8.490505093967755
-69.83418171354873
29.619625556980466
-38.39238970228787
-69.36050457521632
-63.53625653369743
-2.609650954735315
-8.10019161068108
-12.900042230474355
44.88912732156322
32.33224489255322
-43.38764955908311
-92.88680007528912
39.94413162598114
-91.38321995278933
8.191400620065437
-28.79954729119909
32.27788677557582
27.961640975975783
-68.4656669378027
-35.69178443365014
29.652994862822737
28.235631765966573
34.78067921653292
-68.0239844731542
-9.46857478564145
-53.74180245570837
27.478725545403876
-65.06133193475034
24.32899342613146
-43.94543686798143
-43.53268304172111
-43.79723434758957
-43.745982040013246
-54.98185869150106
-90.3229088296903
36.56791219783489
-44.14758383999506
-43.89536996899427
13.206768111606848
35.87450389495481
40.951836941533756
-71.1142655117231
-32.22624372496284
47.17579200912185
-8.134092723980359
21.629914228290147
-38.6572494617086
-73.4182505109698
-77.81528460428473
-69.37190295826751
57.484922100603214
16.875131711703048
-69.31830295653924
26.57218589254832
-48.949114942084236
-112.65760022223165
33.627215334417556
-43.59472043832981
-23.3620439646564
28.132172460119065
32.455339716698475
39.139857582899566
-31.65880173745012
40.89771285239202
49.20801999961914
31.970821650112413
-2.3828095759084533
44.18828143841402
34.616861424651304
32.389415435730484
-0.22677159153947457
23.898137461292137
40.16662994298149
-92.5932028740109
30.29480745294562
43.47907695748428
35.2794009384168
-96.86527266270942
-9.361495605977296
-92.66363601354257
35.62862297304268
32.169980828095504
34.67366873335682
32.156515284086126
71.02168398311473
31.828247192161655
39.86166431912545
-65.30683066923255
73.70199617125637
-65.00001596628327
75.46739597411643
69.5690085894737
-42.25505306079458
12.846068784706233
44.593563372558506
-112.86348376202639
5.375143672180997
37.37944967782042
-68.7935095263143
22.040673727013655
32.153057492165075
30.473531638201536
30.818654148424557
-48.51146085383087
-69.43177585293279
74.72152810710395
13.408400657463162
-64.99489707483413
73.29887769621928
9.818007198924448
-64.38897315732117
10.39657639702115
33.36077645013211
43.31741355887867
-39.23827672309916
33.1651847196883
-55.915816177478014
-69.29726285881141
-58.484869664586455
-99.70659154982712
-53.94132617751717
-150.38645212987086
-21.721632988063405
-22.49192928458146
-16.4934845056724
-81.03833569210965
-120.82228132698197
5.088577887037559
-105.43612034464186
-3.529576816277199
-43.650950215762926
-45.536253962879705
-174.0628005928209
-32.97061082236593
-127.8967130164522
-113.91895007610125
-55.350495028791244
-55.877816771862975
-70.10565907100856
-133.40480490836546
-58.484869664586455
-119.70659154982712
-53.91079741192411
-73.63344540773275
18.66552691775064
-61.26073006717847
-16.96537050667567
-103.74298312734474
-85.28967856856158
13.676976675569321
-42.14398487688223
-35.0908951368311
-201.8053590159347
2.715152403665442
-75.97751244320753
-41.82714645778549
-140.3262172206971
-116.72333364518818
-130.26893429302106
-153.44305678423083
-59.78170103680833
-120.95849865464425
-178.9358992040086
-161.87374757058262
-55.882112916847895
-98.53544406158247
-81.55609707640372
-140.22221146587805
23.33364317206943
-69.5050204690807
54.075497163118314
-5.016244874157195
32.92080809214602
5.137654230684461
6.138783222061974
-70.57231025716463
-43.70084843479054
73.45070877116186
-123.61146471416545
-60.582744349839636
-8.789159363605663
2.6971963906162273
-66.14084597872248
-66.2882148197139
19.331718161749407
-43.48063817521085
36.66774167951334
-193.3822002377489
-44.05467284048204
59.016606817171436
-65.92781578058778
-49.29368859986653
74.66552354378831
46.81486053209693
33.138508529896626
45.01447706206483
44.07578057455267
-106.52927233637836
-8.563803278578177
-64.58969599091073
-64.91106610440347
36.23398068518172
35.31784175706083
-64.48812330979152
-66.6726113841028
-43.48087486623777
17.252577138720028
-43.717304508752775
-43.50189644820286
-43.58867945453806
53.21988251485388
42.19905334128893
-64.9215084524173
53.45168318098554
45.39285053274091
41.57294750969231
31.54117153727701
31.77787845237536
-67.66601242127898
-16.82451228639016
-64.07000888440466
18.121310870996027
12.778737900721751
23.221108498963602
-90.16906575969158
-64.08860196551431
-63.901297158612834
36.53365033307981
-64.21796416314314
-45.92548346430516
34.64044685188662
45.701880613161165
-15.181939741130208
6.783474103056832
30.970907720822794
12.532549955801983
-69.89329738410882
40.41231692312283
36.41028759764166
42.86090296601089
39.45492774840072
20.343900915770064
4.0211804855009206
31.69842001728162
-151.2342164787
-58.484869664586455
-119.70659154982712
-53.91079741192411
-73.63344540773275
2.7387177824694646
-61.26073006717847
-16.96537050667567
-103.74298312734474
-97.82088838963178
13.676976675569321
-54.91198298649252
-35.0908951368311
-201.8053590159347
-9.640453545876369
-75.97751244320753
-41.82714645778549
-140.3262172206971
-116.72333364518818
-130.26893429302106
-153.44305678423083
-59.78170103680833
-120.95849865464425
-178.9358992040086
-161.87374757058262
-55.882112916847895
-98.53544406158247
-81.55609707640372
-140.22221146587805
3.3336431720694293
-131.7190277408125
-127.76837958261217
-128.5141264233377
-72.16861268468413
22.05493367430507
-107.31901014482905
-164.1185575341739
-99.79104616038306
-5.878183421751743
3.4232875980923154
-59.55465971790272
-45.567284786055204
-32.57582865111783
-45.496974613216196
-43.59278324127642
10.124010544942934
-17.023454271320162
-65.48062669055723
-55.23252571537649
26.290591113126403
-55.415475833323654
-48.37254687094722
-56.72362679084429
-185.13872631135428
41.59079694340906
-9.615208167578487
-118.35637886512706
-11.773136046243707
-66.20680104026053
-55.230873350226794
-74.09350578088683
-55.82463044115548
-43.5568579432369
36.58871629899826
43.07299875313572
29.26371027997105
-64.6938347061056
40.659386790493684
20.33379726342166
51.828209005800524
73.59493300988481
-43.57008265741065
-178.45141072861983
-43.541502033258176
-43.52422501754554
-43.92172151317074
-44.06970763340043
-111.50765112188006
-43.669445519882665
37.83085861077531
58.32172399835309
-29.494576476675775
13.33317188263311
-65.34942237537216
10.762597414338515
12.336134943600811
11.083173250177495
-64.30117127795805
6.130519046990727
36.52518902891271
74.03955883969775
-43.65623387887899
-43.53900795657651
36.445148190554825
74.42163615763037
41.902726394102444
-65.97727854213466
-70.26761216453949
74.46315797782276
-9.373019963398406
-68.81424262256286
-19.145296509940124
-9.023271027374065
30.836737361740205
33.28006471730818
36.46794208362415
70.32604682623969
36.451778626494495
-64.8431674210043
-70.40274763169784
-7.963691947681198
-7.694673004241224
-64.74469082054736
-4.3322305144520215
33.05777345803985
28.586864062136
-51.48508520097488
36.610143591355836
30.726272148055514
28.820842985486408
-7.939470660646293
-85.70526788677952
-47.34955126339305
-64.17736705811039
-88.93353725857774
5.187635355805753
-63.82280547831787
-66.75418547930424
34.153410555348756
-44.322076195281454
49.616727597328385
56.47114503645773
-65.40905296548044
79.50915215180814
28.16826806994375
40.11826554513959
62.8234776712702
-43.766158844665284
13.986165108909177
11.716361347315797
32.45869425704046
36.546234715211654
-112.8017809466343
-16.011399318692497
29.171852369479296
36.66384090082983
-118.13400918332775
58.05914443429539
37.464749288745864
-54.264446678163324
-69.49561562133651
30.530356624026595
30.881018737547407
43.64413224383925
-65.14818808299484
44.13941718730305
-43.722294385312146
16.42128948465023
-64.22230275645879
32.041328020516474
36.77892318864573
48.917761023988476
-43.626734483440046
59.080698793331024
-9.163156147677029
47.3321174888397
49.150169494528384
26.674347824897453
46.912515508880404
49.84092391793834
36.45032332964304
43.224522512859025
3.213702022856637
33.49938279660306
74.60399793777397
34.61991423714133
50.437684030324434
36.517849242771504
-91.04571304477001
-107.46120643044532
36.15968321757322
36.5035445945814
-64.68788939362793
-43.63815049410945
40.9357689463194
36.60682100069574
-14.108384309581574
53.23016197924727
32.35677146644761
44.02866738328137
-5.08770141052301
-65.77990615113526
39.958168445275646
41.34896135130377
40.54442133177011
-87.38565056557505
33.04167863710491
-56.10456145497662
33.07084480898354
-43.50811379988856
31.823583939232478
-43.42073070989307
45.14969630974625
35.56911749250834
31.80236351502353
39.601406387436725
-4.143573962917301
22.839364036883836
24.864929949813828
51.101319926140135
-74.30497665028443
36.495310764838635
41.17153539159251
64.07234348858564
11.975033463374174
-136.79270064942827
9.886746006167272
24.317942705744272
-43.38424594893033
55.54982388415456
-104.99270196572303
36.31001547626827
59.249303437886454
11.42350913193414
-44.40407734975847
40.181952309133536
33.012797648134885
33.106443791924264
-110.03056469300397
44.0737169871345
52.22316817853427
31.310899365041962
36.43527840720123
59.47999703221633
7.508140493837843
43.543485963452554
-77.49744679592226
57.72916873611919
49.48248493749964
-64.88817838984157
-35.239047782039904
41.13617863251329
-51.16367901478469
34.76184917454921
31.884713403794734
29.856529888153446
31.034048516758418
59.62293778911422
48.93233838365249
-58.88541699497429
25.852641552480534
-109.5090389267225
39.9840949405088
25.91212876662658
56.75051242413744
57.6929874982726
33.547011838809766
-69.00393429593579
48.25447503977174
-69.87013450580748
43.872058267306315
-62.10991463547762
58.311511316964584
46.474269914149474
-36.46714481948851
74.5191215940103
43.9958643897517
63.57248204498491
33.84764675588987
40.67058955288039
43.11419937198022
-17.891851926117553
29.959799001306237
34.32298767853162
63.54070709340791
31.025777110964967
2.4197969095148437
33.18545371029553
58.84599747300135
54.919909620249584
30.809007289534563
-2.1528461410543116
64.25701371519652
26.775042062707698
53.82410287826989
-69.4676830681887
36.4153443525075
36.46752014829525
47.70687356073725
45.45491181122634
-36.03912106004239
-69.64978840619916
-55.32425700645028
44.002159282293235
41.46781128263994
39.56309248466309
43.629970752621574
21.74681028869692
55.880828308108406
19.645583483544158
29.23834985160738
55.56477492494585
63.842768277354594
61.17773929362532
-43.85740676415012
36.46143023955466
-110.97456591562955
-65.87040008696844
61.42180435760676
-45.35719131172925
-70.3510449083737
40.5023339487594
-113.89769432173517
36.545530386607915
9.409277837364698
-180.36838023975093
11.930012259647896
-113.84817307917825
28.521329192065394
26.811777055057533
-83.75631211515194
-63.0972984579799
55.194266380827386
33.2005199959537
16.137683194010606
41.14513904461964
60.22205343700195
47.99268706665597
-63.912172351775766
2.237821213107736
43.450234113022134
47.336764467207416
32.84779939535069
31.413742963869225
40.06104031444545
43.88395496220135
55.5837720667147
42.96308799620108
43.14196858771278
19.811835965160995
41.70008017121428
39.064381957079675
37.8740904501158
-49.81303696299321
36.547086080745736
35.2029929858014
46.65633871197661
46.05571282321254
-0.2690261239483931
-45.37865895634324
58.88702154068896
45.912269852359174
33.400873298515194
-56.505179389358716
-15.151207256956326
-55.01520777534296
45.51988752930427
42.54265273125762
-44.60922335407943
16.361005412902486
35.68096433224848
-54.368518036816106
-54.80800994003784
-57.50693412599044
47.803106915626856
-100.13953972050193
14.526847982922945
36.39193218762609
-115.26198846188717
44.697281783616894
43.408146388239444
46.92456961698524
-31.3483742976712
58.28241078653191
31.481613877743314
59.87735426093754
-70.62826939628533
30.830251761364522
32.63949947666265
26.627375303133675
39.68664643572926
-79.03107503102765
51.025346112241465
-43.72588881082231
62.93831828002412
30.13672571064346
38.017092397098324
62.08194579380127
49.65707415379601
30.630125927090518
-101.45432816787553
39.74492035692769
43.53107845284453
-43.610080936897845
32.49627589577831
-43.49910028241126
51.2663590505272
30.353603527938006
-68.7536094814186
54.82037465828789
36.98216174742268
30.26874595953501
-133.8153644801536
-102.3209262690925
51.97131063070111
43.6129348898981
-43.733569087694214
36.44770441002538
-39.537020044792314
36.703569583618105
-37.100546429834424
40.74676009316991
-117.69042405733697
-71.06988362552916
-111.66869984840378
62.20039399932351
61.1327419394556
66.7519416064032
39.25022471473949
-55.768470181585194
-5.646442831723306
42.114644893738564
42.509081646771044
36.41005182224392
36.34883019172028
36.40747064551298
36.3896271167056
40.82693637996057
51.275663989933705
25.891937331521646
44.66272351406347
-133.41867976750228
44.00779453610379
-192.10220734361246
-71.51644626928828
34.545676779831965
-21.297666980124596
42.33359028054957
39.18630361290174
43.717820258704066
50.09487802408199
-114.58354009538564
54.887046980925206
36.41390663114918
36.414045644081526
53.12019351191164
36.431463248457995
36.565211924202664
-44.14850364636445
29.55121491520677
60.873089535877355
41.24159050775506
-43.59661471628517
36.55986756803735
48.81759807059741
-124.95952480292581
36.176480330718334
46.59041290556249
-117.68958509633246
33.27836390203451
30.971944822768037
-66.37349756822134
53.96119701181742
61.79391486504257
52.41875150571272
58.033695222908804
62.09697225276412
5.1618451695750736
-43.3757349708098
45.3171916980838
59.61426392345173
36.52281452573589
57.79936720596102
63.0032930920581
48.59542976039188
33.65352534611593
-68.67974379529919
-114.63511147278038
43.29549617485987
41.76159417629697
-43.72659439234549
56.57427649400212
-68.99275269251238
45.10902633060323
36.352652656437016
-81.95240408653193
49.88477393131619
54.889833597873476
37.50404518912099
43.79580343332189
35.06795722418978
31.353948717380263
33.084318721035814
51.178236254177236
39.37309547053657
9.711494452327358
58.98625873038232
-87.01580860798892
60.052264544630916
25.469493530600033
17.444774443256293
-57.47285467407865
-70.24734621366105
-69.97977263851286
-67.97164073084372
-136.9042460814675
-153.8541594501626
-58.20096451371235
-189.57399421572882
-52.532506360309526
-58.20096451371235
-88.2782969424987
-195.66204615870603
-179.4021671378852
-250.29539233010087
-43.578589358826086
63.338687325552485
117.75172959055259
-56.63381702260845
-52.19290465409189
-31.243538621138512
71.17424999303165
-182.30798841331287
-111.36780367550674
5.6262069335304545
-85.63138179304656
-112.7423377788605
-43.39617561894972
-57.82861974283408
-81.85452687269932
-122.04748099970078
-65.75548883720472
-81.02576597594786
42.48808258573837
-238.56922826118887
14.922967960445746
-54.3960419757602
-148.02918617389616
